5.700000000000000 0.590000000000000 7.980000000000000 0.428000000000000 0.001051771056017
5.700000000000000 1 8.980000000000000 0.010000000000000 0.005363391808435
6.700000000000000 1 7.980000000000000 0.428000000000000 0.007290310928259
6.700000000000000 0.590000000000000 8.980000000000000 1 0.012884850087719
4.700000000000000 0.590000000000000 8.980000000000000 1 0.013343606336405
4.700000000000000 0.010000000000000 5.980000000000000 0.010000000000000 0.002564601849723
6.200000000000000 0.340000000000000 6.730000000000000 0.178000000000000 0.002499822744955
5.700000000000000 0.010000000000000 8.230000000000000 0.010000000000000 0.002585848276714
4.950000000000000 1 7.980000000000000 0.010000000000000 0.004017976526944
5.950000000000000 0.590000000000000 8.980000000000000 0.678000000000000 0.003940392931741
4.950000000000000 0.090000000000000 8.230000000000000 0.928000000000000 0.008959901531439
6.450000000000000 1 6.480000000000000 0.678000000000000 0.007151465174042
6.075000000000000 0.277500000000000 8.730000000000000 0.240500000000000 0.002752267980010
5.950000000000000 0.777500000000000 8.292500000000000 0.615500000000000 0.005171303003043
5.887500000000000 0.965000000000000 7.730000000000000 0.303000000000000 0.005226532589755
6.012500000000000 0.340000000000000 7.980000000000000 0.178000000000000 0.002491733410948
5.887500000000000 0.465000000000000 7.730000000000000 0.740500000000000 0.003507418785699
4.887500000000000 0.277500000000000 8.167500000000000 0.178000000000000 0.002738930870472
5.778125000000000 0.496250000000000 8.151875000000000 0.318625000000000 0.001484987923581
5.871875000000000 0.621250000000000 8.120625000000000 0.318625000000000 0.001712309862295
5.731250000000000 0.824375000000000 7.917500000000000 0.474875000000000 0.003316189149218
5.840625000000000 0.527500000000000 7.980000000000000 0.631125000000000 0.002772378077620
5.590625000000000 0.636875000000000 8.183125000000000 0.521750000000000 0.002550968127586
5.450000000000000 0.340000000000000 7.745625000000000 0.209250000000000 0.002616860762746
5.766406250000000 0.461093750000000 7.855000000000000 0.314718750000000 0.001817066944108
5.801562500000000 0.629062500000000 7.921406250000000 0.451437500000000 0.001658028426033
5.739062500000000 0.656406250000000 8.073750000000000 0.392843750000000 0.001523601663808
5.641406250000000 0.683750000000000 7.960468750000000 0.482687500000000 0.002360521405735
5.723437500000000 0.554843750000000 8.034687500000000 0.533468750000000 0.002002034748975
5.586718750000000 0.441562500000000 7.952656250000000 0.412375000000000 0.001242844241843
5.681445312500000 0.587070312500000 7.959492187500000 0.428000000000000 0.001015844342963
5.625781250000000 0.578281250000000 7.897968750000000 0.428000000000000 0.000922486674336
5.403125000000000 0.543125000000000 7.651875000000000 0.428000000000000 0.000821381314807
4.512500000000000 0.402500000000000 6.667500000000000 0.428000000000000 0.002061998258014
5.153125000000000 0.543125000000000 7.276875000000000 0.360617187500000 0.001466589832101
5.465625000000000 0.746250000000000 7.839375000000000 0.399679687500000 0.002091956380941
5.590625000000000 0.433750000000000 8.026875000000000 0.420187500000000 0.001226516325598
5.278125000000000 0.621250000000000 7.839375000000000 0.478781250000000 0.001497010789260
5.840625000000000 0.574375000000000 7.526875000000000 0.450460937500000 0.001061092448064
5.403125000000000 0.215000000000000 7.464375000000000 0.010000000000000 0.002767613982009
5.621875000000000 0.511875000000000 7.667500000000000 0.433859375000000 0.000794688404265
6.278125000000000 0.418125000000000 7.714375000000000 0.451437500000000 0.001034466323547
5.434375000000000 0.527500000000000 7.495625000000000 0.474875000000000 0.000967548921218
6.059375000000000 0.433750000000000 7.558125000000000 0.442648437500000 0.001070788331043
5.809375000000000 0.465000000000000 7.855000000000000 0.405539062500000 0.001051010552996
5.746875000000000 0.590000000000000 7.776875000000000 0.484640625000000 0.001552822321296
5.809375000000000 0.730625000000000 7.620625000000000 0.413351562500000 0.002361096620966
5.559375000000000 0.496250000000000 7.636250000000000 0.379171875000000 0.001261387819073
5.465625000000000 0.511875000000000 7.796406250000000 0.424093750000000 0.000854705012029
5.715625000000000 0.570468750000000 7.753437500000000 0.422140625000000 0.000870251285964
5.746875000000000 0.590000000000000 7.601093750000000 0.443136718750000 0.001106703394388
5.793750000000000 0.445468750000000 7.690937500000000 0.447531250000000 0.001065009109977
5.528125000000000 0.547031250000000 7.722187500000000 0.457785156250000 0.000920959223802
5.606250000000000 0.511875000000000 7.659687500000000 0.421164062500000 0.000837563396186
5.500781250000000 0.481601562500000 7.639179687500000 0.444967773437500 0.000987599462379
5.746875000000000 0.511875000000000 7.667500000000000 0.433859375000000 0.000747222167842
6.121875000000000 0.511875000000000 7.667500000000000 0.433859375000000 0.000671796025526
7.621875000000000 0.511875000000000 7.667500000000000 0.433859375000000 0.001703557162751
6.059375000000000 0.494296875000000 7.642109375000000 0.458273437500000 0.000752836037028
6.621875000000000 0.511875000000000 7.667500000000000 0.434103515625000 0.000798340035361
6.121875000000000 0.555820312500000 7.680195312500000 0.455343750000000 0.001131362315326
6.121875000000000 0.524570312500000 7.722187500000000 0.419943359375000 0.000689913391791
6.121875000000000 0.554843750000000 7.639179687500000 0.416037109375000 0.000894185445866
6.059375000000000 0.456210937500000 7.660664062500000 0.363546875000000 0.001408044520479
6.371875000000000 0.509677734375000 7.659931640625000 0.426596191406250 0.000656610779795
7.121875000000000 0.503085937500000 7.637226562500000 0.404806640625000 0.000881927858387
6.200000000000000 0.509677734375000 7.659931640625000 0.426596191406250 0.000647315527806
5.684375000000000 0.509677734375000 7.659931640625000 0.426596191406250 0.000790670540948
5.887500000000000 0.503818359375000 7.724384765625000 0.402182128906250 0.000816435916587
6.200000000000000 0.487460937500000 7.656025390625000 0.404623535156250 0.000747455365235
6.700000000000000 0.510654296875000 7.662861328125000 0.427572753906250 0.000788371957743
6.200000000000000 0.495029296875000 7.615986328125000 0.443441894531250 0.000656503264526
6.200000000000000 0.526035156250000 7.615986328125000 0.411947753906250 0.000718663288135
6.137500000000000 0.508212890625000 7.658955078125000 0.425131347656250 0.000649034644585
6.465625000000000 0.497104492187500 7.642597656250000 0.426962402343750 0.000600025714416
7.262500000000000 0.459384765625000 7.590595703125000 0.428061035156250 0.000467643717937
10.449999999999999 0.308505859375000 7.382587890625000 0.432455566406250 0.000799598235883
6.637500000000000 0.441806640625000 7.621845703125000 0.423910644531250 0.000736299675511
7.637500000000000 0.444736328125000 7.551533203125000 0.412436035156250 0.000384905499387
8.762499999999999 0.400791015625000 7.434345703125000 0.365561035156250 0.000307299704877
13.262499999999999 0.225009765625000 6.965595703125000 0.178061035156250 0.002455576044329
7.762499999999999 0.432041015625000 7.434345703125000 0.416342285156250 0.000305867110508
4.762499999999999 0.525791015625000 7.434345703125000 0.568686035156250 0.002036408342142
8.762499999999999 0.244541015625000 6.934345703125000 0.556967285156250 0.002333095584215
10.762499999999999 0.307041015625000 7.309345703125000 0.541342285156250 0.000501992850841
9.762499999999999 0.369541015625000 7.684345703125000 0.228842285156250 0.000811235517540
8.762499999999999 0.557041015625000 7.059345703125000 0.291342285156250 0.004658861721287
8.762499999999999 0.869541015625000 7.559345703125000 0.463217285156250 0.010981799848834
6.762499999999999 0.369541015625000 7.559345703125000 0.447592285156250 0.001322963009402
7.762499999999999 0.400791015625000 7.543720703125000 0.361654785156250 0.000996160994737
8.762499999999999 0.478916015625000 7.356220703125000 0.525717285156250 0.003163624383574
9.762499999999999 0.416416015625000 7.512470703125000 0.388998535156250 0.001839131616269
7.762499999999999 0.463291015625000 7.215595703125000 0.365561035156250 0.000885674852432
7.762499999999999 0.182041015625000 7.387470703125000 0.431967285156250 0.001817366028672
6.762499999999999 0.447666015625000 7.403095703125000 0.482748535156250 0.000700166733962
8.762499999999999 0.283603515625000 7.332783203125000 0.429037597656250 0.001838447763431
8.762499999999999 0.412509765625000 7.414814453125000 0.407553222656250 0.000571440570719
8.012499999999999 0.521884765625000 7.407001953125000 0.456381347656250 0.002465667524005
8.012499999999999 0.389072265625000 7.524189453125000 0.452475097656250 0.000339337807752
8.012499999999999 0.506259765625000 7.512470703125000 0.386068847656250 0.001871650101446
7.512499999999999 0.400791015625000 7.457783203125000 0.364584472656250 0.001178747105893
7.262499999999999 0.407626953125000 7.445087890625000 0.432699707031250 0.000737397733313
8.137499999999999 0.433017578125000 7.390400390625000 0.412191894531250 0.000480661479184
8.137499999999999 0.429111328125000 7.474384765625000 0.425863769531250 0.000483733213422
7.824999999999999 0.431064453125000 7.453876953125000 0.386801269531250 0.000410444533695
7.762499999999999 0.369541015625000 7.431416015625000 0.416098144531250 0.001112918873989
7.699999999999999 0.438876953125000 7.461689453125000 0.428061035156250 0.000380161811880
7.481249999999999 0.421542968750000 7.411396484375000 0.398275878906250 0.000660657447568
8.012499999999999 0.431308593750000 7.434589843750000 0.416098144531250 0.000378113332794
7.762499999999999 0.416660156250000 7.410419921875000 0.409872558593750 0.000423774409692
7.762499999999999 0.433017578125000 7.418964843750000 0.429953125000000 0.000335708062432
7.762499999999999 0.459140625000000 7.421406250000000 0.412191894531250 0.000682015353497
7.512499999999999 0.486484375000000 7.461445312500000 0.454428222656250 0.001229198521855
7.778124999999999 0.427280273437500 7.448872070312500 0.414892700195312 0.000285833049284
7.824999999999999 0.412998046875000 7.492451171875000 0.410543945312500 0.000388613446605
7.934374999999999 0.428256835937500 7.472065429687500 0.401892211914062 0.000303637592586
7.895312499999999 0.432651367187500 7.441059570312500 0.417761352539062 0.000343743813047
7.809374999999999 0.423129882812500 7.454975585937500 0.400244262695312 0.000369135787472
7.801562499999999 0.428500976562500 7.478413085937500 0.418798950195312 0.000276509901378
7.871874999999999 0.432163085937500 7.567036132812500 0.430517700195312 0.000397779005484
7.918749999999999 0.436801757812500 7.528217773437500 0.384375122070312 0.000421569145881
7.895312499999999 0.448276367187500 7.474506835937500 0.421728637695312 0.000633818694587
7.844531249999999 0.411655273437500 7.481342773437500 0.442724731445312 0.000245259565028
7.973437499999999 0.361118164062500 7.490131835937500 0.514502075195312 0.001003046992172
7.731249999999999 0.400913085937500 7.527241210937500 0.475927856445312 0.000458392168027
7.852343749999999 0.407749023437500 7.418842773437500 0.440771606445312 0.000278564321076
7.844531249999999 0.355991210937500 7.485249023437500 0.414404418945312 0.001263208015260
7.899218749999999 0.387241210937500 7.483295898437500 0.492529418945312 0.000567084705002
7.957812499999999 0.425327148437500 7.485249023437500 0.418310668945312 0.000271507550912
7.758593749999999 0.517124023437500 7.531147460937500 0.279638793945312 0.002343795457647
7.901171874999999 0.405551757812500 7.456440429687500 0.422705200195312 0.000362346392601
7.893359374999999 0.396030273437500 7.479877929687500 0.453711059570312 0.000338145114637
7.866992187499999 0.437778320312500 7.484028320312500 0.455664184570312 0.000672888065295
7.875781249999999 0.417758789062500 7.485004882812500 0.416601684570312 0.000258029886656
7.841601562499999 0.407993164062500 7.512104492187500 0.445410278320312 0.000258449105457
7.824999999999999 0.410922851562500 7.446918945312500 0.452246215820312 0.000276471625814
7.826464843749999 0.406467285156250 7.492268066406250 0.426367309570312 0.000366019610366
7.861865234374999 0.406162109375000 7.491779785156250 0.448095825195312 0.000263242757941
7.863085937499999 0.421481933593750 7.475849609375000 0.448401000976562 0.000337238852350
7.862597656249999 0.405979003906250 7.475971679687500 0.432714965820312 0.000311305975087
7.842578124999999 0.402438964843750 7.472614746093750 0.451757934570312 0.000304661634658
