6 0.200000000000000 0.001755818086725
5 1 0.003123453414631
7 1 0.008513650046556
6 0.010000000000000 0.001610727743043
7 0.010000000000000 0.001624040921745
2.999999999999999 0.010000000000000 0.001582296454552
1 0.010000000000000 0.001570885415645
2 1 0.001502739225194
2 0.010000000000000 0.001575916954545
1 1 0.002076439721869
5.000000000000001 0.010000000000000 0.001599500113338
3 1 0.001343538036610
6.000000000000001 1.000000000000001 0.005117383022645
14.000000000000002 1 0.169818415214202
4 0.010000000000000 0.001590116887229
8 1 0.014274242206991
3.500000000000000 0.750000000000000 0.001050925187907
2.500000000000000 0.750000000000000 0.001477688749942
3.500000000000000 1 0.001539651496337
4.500000000000000 0.750000000000000 0.001154915857393
3.500000000000000 0.010000000000000 0.001586029603814
3.750000000000000 0.500000000000000 0.001497817752081
2.750000000000000 0.500000000000000 0.001836865895897
3.750000000000000 0.010000000000000 0.001588025556004
4 1 0.001907445277317
3.250000000000000 0.625000000000000 0.001354954164509
3.812500000000000 0.562500000000000 0.001283574388675
3.312500000000000 0.437500000000000 0.001773638364455
3.437500000000000 0.812500000000000 0.001099336737667
3.671875000000000 0.765625000000000 0.001031404919208
4.187500000000000 0.812500000000000 0.001274217010659
3.296875000000000 0.765625000000000 0.001104124781075
3.984375000000000 0.828125000000000 0.001237683382323
3.796875000000000 0.593750000000000 0.001191723538667
3.421875000000000 0.671875000000000 0.001164749264782
3.734375000000000 0.726562500000000 0.000994471554489
3.921875000000000 0.609375000000000 0.001086153170875
3.906250000000000 0.742187500000000 0.000989319393402
4.421875000000000 0.789062500000000 0.001300941066466
3.906250000000000 0.695312500000000 0.000951643809788
3.906250000000000 0.554687500000000 0.001269827289808
3.656250000000000 0.507812500000000 0.001506695065538
4.656250000000000 0.570312500000000 0.000865260613170
6.906250000000001 0.195312500000000 0.001645258902199
4.656250000000000 0.320312500000000 0.001711567418896
5.656250000000000 0.070312500000000 0.003103284428169
5.656250000000000 0.820312500000000 0.002716972504473
3.656250000000000 1 0.001637632820258
3.906250000000000 0.507812500000000 0.001423025068173
5.406250000000000 0.507812500000000 0.000773728068489
7.656250000000001 0.320312500000000 0.001453514217444
4.406250000000000 0.257812500000000 0.001892773976858
6.406250000000000 0.010000000000000 0.001615860328318
6.406250000000000 1 0.006278016469201
3.406250000000000 1 0.001488925923702
4.656250000000000 0.445312500000000 0.001410658329487
5.906250000000000 0.695312500000000 0.001942239706991
5.906250000000000 0.195312500000000 0.001795203372112
4.656250000000000 0.070312500000000 0.002985229475644
5.531250000000000 0.351562500000000 0.001570171732167
5.718750000000000 0.429687500000000 0.001155729627446
5.593750000000000 0.664062500000000 0.001332568306132
5.031250000000000 0.648437500000000 0.000867850534709
5.484375000000000 0.585937500000000 0.000669958576259
5.718750000000000 0.820312500000000 0.002794944196948
5.484375000000000 0.554687500000000 0.000577509389539
5.484375000000000 0.460937500000000 0.001041409561460
5.484375000000000 0.617187500000000 0.000865353057987
5.656250000000000 0.679687500000000 0.001532056102697
5.531250000000000 0.242187500000000 0.001712232282979
5.250000000000000 0.679687500000000 0.001186761548547
5.468750000000000 0.679687500000000 0.001359947142597
5.558593750000000 0.460937500000000 0.001007494402547
5.531250000000000 0.710937500000000 0.001686908849071
5.281250000000000 0.476562500000000 0.001033170112160
5.520507812500000 0.554687500000000 0.000571008944440
5.628906250000000 0.554687500000000 0.000559552533479
6.062500000000000 0.554687500000000 0.000653456338654
5.753906250000000 0.535156250000000 0.000511612429896
6.128906250000000 0.476562500000000 0.000573047719806
5.878906250000000 0.457031250000000 0.000878725390213
6.128906250000000 0.566406250000000 0.000803485468571
5.816406250000000 0.363281250000000 0.001497151512722
5.316406250000000 0.503906250000000 0.000846065173424
5.894531250000000 0.511718750000000 0.000494405086672
6.316406250000000 0.441406250000000 0.000779284152994
6.019531250000000 0.449218750000000 0.000869883460152
6.269531250000000 0.480468750000000 0.000456662842996
7.394531250000000 0.386718750000000 0.000817161612515
6.019531250000000 0.464843750000000 0.000736802440922
7.019531250000000 0.464843750000000 0.000210788266445
9.269531250000000 0.417968750000000 0.001417260990756
8.019531250000000 0.277343750000000 0.001670899895405
8.019531250000000 0.652343750000000 0.004228433689229
8.019531250000000 0.152343750000000 0.001667549519351
6.019531250000000 0.714843750000000 0.002263789243573
6.519531250000000 0.417968750000000 0.000902790721331
7.519531250000000 0.371093750000000 0.000961303202091
7.269531250000000 0.621093750000000 0.002757184599239
6.769531250000000 0.417968750000000 0.000770082804393
6.644531250000000 0.527343750000000 0.000726590619495
7.394531250000000 0.449218750000000 0.000170450731291
8.519531250000000 0.402343750000000 0.000311431044753
6.644531250000000 0.417968750000000 0.000838321406433
7.894531250000000 0.308593750000000 0.001506713087139
7.894531250000000 0.558593750000000 0.002625793977603
6.644531250000000 1 0.007094364053467
7.082031250000000 0.480468750000000 0.000415644415494
7.707031250000000 0.406250000000000 0.000334317247117
7.582031250000000 0.527343750000000 0.001690283530506
7.144531250000000 0.933593750000000 0.006953656094777
7.457031250000000 0.443359375000000 0.000123167613402
7.644531250000000 0.425781250000000 0.000054634404685
8.394531250000000 0.355468750000000 0.000784729213516
6.894531250000000 0.410156250000000 0.000790746004062
8.144531250000000 0.519531250000000 0.002249541131181
8.144531250000000 0.285156250000000 0.001632644092872
7.394531250000000 0.144531250000000 0.001832225396013
7.832031250000000 0.410156250000000 0.000180194956053
7.957031250000000 0.449218750000000 0.000660445989389
7.769531250000000 0.339843750000000 0.001242011420650
7.582031250000000 0.480468750000000 0.000861654132160
7.816406250000000 0.407226562500000 0.000241594821980
7.816406250000000 0.427734375000000 0.000126357911479
7.644531250000000 0.381835937500000 0.000753184556532
7.488281250000000 0.438476562500000 0.000078206124586
7.718750000000000 0.424316406250000 0.000017078524373
7.941406250000000 0.419921875000000 0.000102080065397
7.531250000000000 0.427246093750000 0.000124196943248
7.890625000000000 0.429443359375000 0.000223382172365
7.765625000000000 0.402832031250000 0.000351086765770
7.640625000000000 0.326416015625000 0.001406361662756
7.722656250000000 0.422790527343750 0.000040591410111
7.789062500000000 0.417663574218750 0.000080465172155
7.773437500000000 0.433166503906250 0.000186620638774
7.714843750000000 0.428466796875000 0.000052999376648
7.752929687500000 0.425338745117188 0.000029424626597
7.762695312500000 0.425140380859375 0.000034348157339
7.711914062500000 0.429779052734375 0.000073804432288
7.718750000000000 0.379791259765625 0.000743592061052
7.750000000000000 0.424537658691406 0.000013534472695
7.843750000000000 0.425201416015625 0.000105523398968
7.790039062500000 0.424537658691406 0.000047570754031
7.792968750000000 0.423961639404297 0.000040562400866
7.758789062500000 0.427238464355469 0.000067730019410
7.739257812500000 0.459320068359375 0.000634583860113
7.737304687500000 0.424872398376465 0.000008224813749
7.699218750000000 0.425876617431641 0.000008769605691
7.715087890625000 0.425627708435059 0.000004385365002
7.648437500000000 0.427893638610840 0.000023075683166
7.714111328125000 0.425688743591309 0.000004784229841
7.734619140625000 0.423064231872559 0.000026422935865
7.725341796875000 0.430525779724121 0.000098079548825
7.714843750000000 0.425978660583496 0.000009578347304
7.725769042968750 0.425642967224121 0.000011966568341
7.725891113281250 0.426234245300293 0.000022488962031
7.717529296875000 0.422930717468262 0.000042242151646
7.704101562500000 0.418623924255371 0.000127364370540
7.722946166992188 0.424853324890137 0.000004277034440
7.746520996093750 0.422530174255371 0.000026852998524
7.718246459960938 0.425482749938965 0.000003788475408
7.704147338867188 0.427371025085449 0.000025606005304
7.708724975585938 0.425009727478027 0.000013609938063
7.723800659179688 0.420706748962402 0.000076039209206
7.727767944335938 0.428275108337402 0.000060105597011
7.707748413085938 0.417548179626465 0.000143043917133
7.716613769531250 0.425356864929199 0.000002618591395
7.711715698242188 0.424979209899902 0.000011599732935
7.708740234375000 0.425498008728027 0.000006213370061
7.723571777343750 0.423213005065918 0.000032474286874
7.725219726562500 0.427096366882324 0.000037161968261
7.707519531250000 0.399672508239746 0.000441768049175
7.715759277343750 0.425520896911621 0.000003407477940
7.721603393554688 0.425951957702637 0.000014101847795
7.718994140625000 0.424110412597656 0.000020470340134
7.716522216796875 0.425516128540039 0.000003541410799
7.717655181884766 0.425291538238525 0.000002389710522
7.720779418945312 0.425095558166504 0.000002175873538
7.733276367187500 0.424311637878418 0.000005829816219
7.708755493164062 0.425545692443848 0.000005673055662
7.730911254882812 0.424008369445801 0.000012749336003
7.725112915039062 0.427632331848145 0.000046549079179
7.710586547851562 0.442463874816895 0.000299505593465
7.716522216796875 0.425598144531250 0.000004595052113
7.726272583007812 0.425253868103027 0.000005520688414
7.721405029296875 0.423723220825195 0.000025279892522
7.718902587890625 0.425625801086426 0.000006439423602
7.723644256591797 0.424986839294434 0.000001443664132
7.732238769531250 0.424660682678223 0.000001683368736
7.719234466552734 0.425260543823242 0.000001899562826
7.728786468505859 0.424477577209473 0.000006172936121
7.725688934326172 0.426270484924316 0.000022964050713
7.718364715576172 0.431850433349609 0.000115844761489
7.723152160644531 0.425052642822266 0.000000954221739
7.721675872802734 0.425250053405762 0.000002137714552
7.719810485839844 0.425631523132324 0.000007171373298
7.725891113281250 0.425235748291016 0.000004894055294
7.723518371582031 0.423684120178223 0.000024265725519
7.720321655273438 0.425688743591309 0.000008527860373
