6 0.200000000000000 0.000000027262224
5 1 0.000000016891988
1.999999999999999 1 0.000000023499558
4 1 0.000000011060899
0.999999999999999 1 0.000000034365131
3 0.010000000000000 0.000000025290891
6 1 0.000000050242752
4 0.010000000000000 0.000000025560814
3 1 0.000000014658942
5 0.010000000000000 0.000000025868442
3.750000000000000 0.500000000000000 0.000000024786890
3.500000000000000 0.500000000000000 0.000000025699347
4.500000000000000 0.500000000000000 0.000000020813684
4.250000000000000 0.875000000000000 0.000000007854433
5 0.500000000000000 0.000000017130823
4.500000000000000 0.875000000000000 0.000000006539340
5.250000000000000 0.875000000000000 0.000000008271308
3.500000000000000 0.875000000000000 0.000000012322740
4.500000000000000 0.010000000000000 0.000000025710139
5.500000000000000 1 0.000000028751818
4 0.375000000000000 0.000000026692795
4.250000000000000 0.750000000000000 0.000000008847423
4.187500000000000 0.687500000000000 0.000000011486052
4.687500000000000 0.562500000000000 0.000000014383266
4.562500000000000 0.937500000000000 0.000000009273507
4.562500000000000 0.812500000000000 0.000000005891186
4.750000000000000 0.625000000000000 0.000000009449707
4.312500000000000 0.812500000000000 0.000000007460686
