5.700000000000000 0.590000000000000 7.980000000000000 0.428000000000000 0.000000007822486
5.700000000000000 1 8.980000000000000 0.010000000000000 0.000000042760210
6.700000000000000 1 7.980000000000000 0.428000000000000 0.000000099490533
6.700000000000000 0.590000000000000 8.980000000000000 1 0.000000232887999
4.700000000000000 0.590000000000000 8.980000000000000 1 0.000000244153778
4.700000000000000 0.010000000000000 5.980000000000000 0.010000000000000 0.000000042042004
6.200000000000000 0.340000000000000 7.230000000000000 0.178000000000000 0.000000037222667
5.200000000000000 1 7.480000000000000 0.178000000000000 0.000000025550004
6.450000000000000 1 8.230000000000000 0.428000000000000 0.000000077298248
5.200000000000000 0.840000000000000 8.980000000000000 0.428000000000000 0.000000003724580
3.700000000000000 1 11.980000000000000 0.428000000000000 0.000000035069635
5.200000000000000 0.840000000000000 10.980000000000000 0.428000000000000 0.000000030443044
3.200000000000000 1 9.980000000000000 1 0.000000421480401
5.200000000000000 0.010000000000000 10.980000000000000 0.010000000000000 0.000000043357463
6.200000000000000 1 9.980000000000000 0.428000000000000 0.000000054421706
6.200000000000000 0.840000000000000 9.980000000000000 1 0.000000407426416
5.200000000000000 0.010000000000000 6.980000000000000 0.010000000000000 0.000000042424355
4.700000000000000 0.340000000000000 9.980000000000000 0.678000000000000 0.000000057398999
4.700000000000000 1 8.980000000000000 0.928000000000000 0.000000155954305
5.200000000000000 0.840000000000000 9.980000000000000 0.428000000000000 0.000000015506429
5.950000000000000 1 8.980000000000000 0.178000000000000 0.000000052678638
5.700000000000000 0.590000000000000 8.980000000000000 1 0.000000239331740
4.700000000000000 0.010000000000000 7.980000000000000 0.010000000000000 0.000000042421680
5.825000000000000 0.277500000000000 9.480000000000000 0.240500000000000 0.000000036019690
5.137500000000000 0.902500000000000 9.480000000000000 0.428000000000000 0.000000008874094
5.262500000000000 0.777500000000000 9.042500000000000 0.928000000000000 0.000000152045875
5.200000000000000 1 8.917500000000000 0.490500000000000 0.000000022975957
5.700000000000000 0.840000000000000 9.042500000000000 0.365500000000000 0.000000013763460
4.700000000000000 0.340000000000000 8.855000000000000 0.010000000000000 0.000000043414193
4.950000000000000 0.840000000000000 9.323750000000000 0.240500000000000 0.000000016270558
5.200000000000000 0.855625000000000 9.198750000000000 0.537375000000000 0.000000032518961
5.215625000000000 1 8.964375000000000 0.412375000000000 0.000000020947581
5.418750000000000 0.824375000000000 9.026875000000000 0.334250000000000 0.000000015745874
5.309375000000000 0.824375000000000 8.886250000000000 0.631125000000000 0.000000040590884
4.934375000000000 0.840000000000000 8.745625000000000 0.349875000000000 0.000000018151126
5.254687500000000 0.867343750000000 8.964375000000000 0.408468750000000 0.000000009547064
5.196093750000000 0.961093750000000 9.003437500000000 0.451437500000000 0.000000013827606
5.231250000000000 0.863437500000000 8.983906250000000 0.310812500000000 0.000000016577429
5.317187500000000 0.836093750000000 9.011250000000000 0.455343750000000 0.000000011054706
5.227343750000000 0.863437500000000 8.862812500000000 0.435812500000000 0.000000005305491
5.071093750000000 0.711093750000000 8.925312500000000 0.431906250000000 0.000000003328685
4.684375000000000 0.324375000000000 8.761250000000000 0.443625000000000 0.000000024659428
5.133593750000000 0.492343750000000 8.894062500000000 0.533468750000000 0.000000016244630
4.867968750000000 0.632968750000000 8.956562500000000 0.490500000000000 0.000000008704750
4.961718750000000 0.664218750000000 8.815937500000000 0.338156250000000 0.000000019241288
5.133593750000000 0.492343750000000 9.003437500000000 0.412375000000000 0.000000016600147
5.133593750000000 0.648593750000000 8.722187500000000 0.486593750000000 0.000000007607810
5.086718750000000 0.726718750000000 8.940937500000000 0.435812500000000 0.000000004082417
4.981250000000000 0.609531250000000 8.940937500000000 0.366476562500000 0.000000013579822
4.969531250000000 0.750156250000000 8.983906250000000 0.442648437500000 0.000000005204215
5.129687500000000 0.687656250000000 9.015156250000000 0.462179687500000 0.000000008226202
5.098437500000000 0.750156250000000 8.983906250000000 0.382101562500000 0.000000009637914
5.110156250000000 0.820468750000000 8.901875000000000 0.451437500000000 0.000000007283939
5.071093750000000 0.707187500000000 8.909687500000000 0.420187500000000 0.000000003377799
5.078906250000000 0.720859375000000 8.930195312500000 0.442160156250000 0.000000004962749
5.059375000000000 0.716953125000000 8.929218750000000 0.462423828125000 0.000000007946460
5.040820312500000 0.756015625000000 8.954609375000000 0.426291015625000 0.000000002615703
4.950000000000000 0.890781250000000 9.042500000000000 0.409445312500000 0.000000009118440
4.962695312500000 0.830234375000000 8.841328125000000 0.468283203125000 0.000000009433485
5.021289062500000 0.877109375000000 8.931171875000000 0.437033203125000 0.000000004279244
5.111132812500000 0.779453125000000 9.044453125000000 0.447775390625000 0.000000008124721
4.962695312500000 0.732578125000000 8.981953125000000 0.471212890625000 0.000000009511366
4.978320312500000 0.775546875000000 9.032734375000000 0.390158203125000 0.000000008291673
5.193164062500000 0.673984375000000 8.864765625000000 0.360861328125000 0.000000013689361
5.036914062500000 0.734531250000000 8.993671875000000 0.424826171875000 0.000000002756070
5.029101562500000 0.785312500000000 8.915546875000000 0.407248046875000 0.000000005542529
5.099414062500000 0.744296875000000 8.941914062500000 0.419943359375000 0.000000002540449
5.275195312500000 0.709140625000000 8.903828125000000 0.400900390625000 0.000000005158363
5.204882812500000 0.781406250000000 8.892109375000000 0.411154296875000 0.000000004072379
5.161914062500000 0.709140625000000 8.914570312500000 0.388693359375000 0.000000008028968
5.169726562500000 0.768710937500000 8.911640625000000 0.455099609375000 0.000000008433863
5.161914062500000 0.778476562500000 8.969257812500000 0.388693359375000 0.000000008609171
5.154101562500000 0.714023437500000 8.980000000000000 0.447287109375000 0.000000006538565
5.083789062500000 0.741367187500000 8.918476562500000 0.423849609375000 0.000000002517920
5.036914062500000 0.732578125000000 8.848164062500000 0.435568359375000 0.000000003203728
4.986132812500000 0.690585937500000 8.832539062500000 0.432638671875000 0.000000003634731
4.958789062500000 0.735507812500000 8.914570312500000 0.430685546875000 0.000000002915846
5.095507812500000 0.754062500000000 8.887226562500000 0.483419921875000 0.000000012423414
5.099414062500000 0.681796875000000 8.883320312500000 0.430685546875000 0.000000003399249
5.079882812500000 0.756015625000000 8.801289062500000 0.406271484375000 0.000000006290674
5.087695312500000 0.743320312500000 8.922382812500000 0.422873046875000 0.000000002491114
5.099414062500000 0.749179687500000 8.934101562500000 0.419943359375000 0.000000002569301
5.009570312500000 0.747226562500000 9.016132812500000 0.411154296875000 0.000000003954596
5.275195312500000 0.665195312500000 8.938007812500000 0.434591796875000 0.000000004134188
5.243945312500000 0.833164062500000 8.875507812500000 0.391623046875000 0.000000010739818
5.103320312500000 0.766757812500000 9.172382812500000 0.418966796875000 0.000000003301779
5.118945312500000 0.774570312500000 8.922382812500000 0.543966796875000 0.000000023195917
5.040820312500000 0.637851562500000 8.922382812500000 0.379904296875000 0.000000010762454
4.978320312500000 0.691562500000000 8.836445312500000 0.442404296875000 0.000000004219044
5.208789062500000 0.742343750000000 8.957539062500000 0.423849609375000 0.000000002713803
5.091601562500000 0.805820312500000 8.918476562500000 0.422873046875000 0.000000003163650
5.052539062500000 0.745273437500000 9.043476562500000 0.420919921875000 0.000000002625506
5.091601562500000 0.743320312500000 8.918476562500000 0.360373046875000 0.000000014975781
4.970507812500000 0.496250000000000 8.871601562500000 0.483419921875000 0.000000017498142
5.024218750000000 0.712802734375000 8.983906250000000 0.420919921875000 0.000000003036093
5.083789062500000 0.758701171875000 8.976093750000000 0.417990234375000 0.000000002690179
5.150195312500000 0.744052734375000 8.925312500000000 0.421164062500000 0.000000002302661
5.337695312500000 0.746250000000000 8.934101562500000 0.416037109375000 0.000000002355088
5.052539062500000 0.712802734375000 8.983906250000000 0.421652343750000 0.000000002874768
5.263476562500000 0.746494140625000 8.938007812500000 0.431662109375000 0.000000004305327
5.193164062500000 0.734042968750000 8.874531250000000 0.409689453125000 0.000000004308979
5.173632812500000 0.738193359375000 8.957539062500000 0.395773437500000 0.000000006335168
5.158007812500000 0.772861328125000 8.913593750000000 0.411154296875000 0.000000003963182
5.025195312500000 0.709628906250000 8.857929687500000 0.376242187500000 0.000000011690626
5.207812500000000 0.727817382812500 8.901875000000000 0.432333496093750 0.000000003653082
5.210742187500000 0.746982421875000 8.921894531250000 0.423727539062500 0.000000002514654
5.161914062500000 0.745273437500000 8.942646484375000 0.408590820312500 0.000000004099641
5.159960937500000 0.731479492187500 8.940449218750000 0.425802734375000 0.000000002720000
5.143359375000000 0.752780761718750 8.946064453125000 0.428793457031250 0.000000003246404
5.149218750000000 0.720065917968750 8.896503906250000 0.398214843750000 0.000000006445663
5.118457031250000 0.736804809570312 8.927937011718750 0.416357543945312 0.000000003140148
5.172412109375000 0.739368286132812 8.923786621093750 0.418356445312500 0.000000002493270
5.147265625000000 0.742481079101562 8.940449218750000 0.420233276367187 0.000000002335599
5.138964843750000 0.738284912109375 8.923420410156250 0.425528076171875 0.000000002514766
5.131396484375000 0.742221679687500 8.922199707031250 0.415396240234375 0.000000003253338
5.150927734375000 0.751712646484375 8.923481445312500 0.418264892578125 0.000000002636271
5.162158203125000 0.748355712890625 8.935886840820313 0.422995117187500 0.000000002358175
5.157031250000000 0.741817321777344 8.922276000976563 0.418924835205078 0.000000002499995
5.144091796875000 0.742503967285156 8.931019287109375 0.419611480712891 0.000000002414283
5.141223144531250 0.745681610107422 8.922214965820313 0.418882873535156 0.000000002587706
5.141223144531250 0.741771545410156 8.922214965820313 0.422785308837891 0.000000002347873
5.152819824218750 0.751254882812500 8.921284179687500 0.428389099121094 0.000000003023415
5.153079223632813 0.744704093933105 8.928818206787110 0.421809700012207 0.000000002296308
5.161730957031250 0.746658172607422 8.939335327148438 0.423746612548828 0.000000002460247
5.154437255859375 0.748354759216309 8.935654144287110 0.420794990539551 0.000000002281775
5.158511352539063 0.759306755065918 8.956161956787110 0.417750862121582 0.000000002583505
5.145144653320313 0.745272483825684 8.947433929443360 0.421695259094238 0.000000002322064
5.160937500000000 0.749026145935059 8.934372406005860 0.425021675109863 0.000000002604408
5.158435058593750 0.749560203552246 8.933395843505860 0.414294746398926 0.000000003166350
5.155642700195313 0.740664329528809 8.935410003662110 0.420123603820801 0.000000002333034
5.155581665039063 0.748476829528809 8.951035003662110 0.420169380187988 0.000000002282323
5.140444946289063 0.769823875427246 8.935471038818360 0.424487617492676 0.000000002734062
5.158435058593750 0.748949851989746 8.943603973388672 0.420226600646973 0.000000002283874
5.157653045654297 0.749895896911621 8.936615447998047 0.419272926330566 0.000000002367276
5.156439971923828 0.747443046569824 8.935089569091797 0.424010780334473 0.000000002459331
5.155348968505860 0.744887199401855 8.935928802490235 0.419253852844238 0.000000002366734
5.154151153564453 0.748217430114746 8.943375091552735 0.421279457092285 0.000000002305498
5.145575714111328 0.761595573425293 8.935257415771485 0.425258186340332 0.000000002729675
5.154222679138184 0.748597946166992 8.932457427978516 0.420443084716797 0.000000002296462
5.156377983093262 0.748451080322266 8.935760955810547 0.420603302001953 0.000000002281888
5.154491615295410 0.747939910888672 8.939095001220704 0.421618965148926 0.000000002311482
5.154533576965332 0.749567832946777 8.934822540283204 0.422265556335449 0.000000002324685
5.154245567321778 0.749825325012207 8.937302093505860 0.419827964782715 0.000000002325273
5.154419136047363 0.748312797546387 8.932251434326172 0.418884780883789 0.000000002443307
