25 18 15 10 8 30 22 20 25 24 22 15 26 22 23 28 26 18 22 28 25 26 22 25 8 15 14 19 18 27 8 15 15 15 15 15 15 15 15 0.000002910597774
30 18 16 9 9 29 22 19 26 24 22 14 26 22 23 29 26 18 22 27 24 26 21 25 8 14 14 19 17 27 8 15 15 16 15 16 15 16 15 0.000002870489998
30 18 19 6 12 26 22 16 29 24 22 11 26 22 23 30 26 18 22 24 21 26 18 25 8 11 14 19 14 27 8 15 15 19 15 19 15 19 15 0.000002846928193
30 18 30 5 24 14 22 5 30 24 22 5 26 22 23 30 26 18 22 12 9 26 6 25 8 5 14 19 5 27 8 15 15 30 15 30 15 30 15 0.000004289148942
30 18 19 5 12 26 22 16 29 25 22 11 26 22 24 30 26 18 22 24 21 25 18 25 8 11 14 19 14 28 8 15 15 19 15 30 15 20 15 0.000002828088999
30 18 19 5 12 26 22 16 29 28 22 11 26 22 27 30 26 18 22 24 21 22 18 25 8 11 14 19 14 30 8 15 15 19 15 30 15 23 15 0.000002757087706
30 18 19 5 12 26 22 16 29 30 22 11 26 22 30 30 26 18 22 24 21 10 18 25 8 11 14 19 14 30 8 15 15 19 15 30 15 30 15 0.000002731686436
30 18 19 5 12 26 22 16 29 30 22 11 26 22 30 30 26 18 22 24 21 5 18 25 8 11 14 19 14 30 8 15 15 19 15 30 15 30 15 0.000002806976805
30 19 11 6 5 30 5 27 21 30 30 7 5 25 30 30 22 5 6 30 11 5 5 11 14 19 13 9 19 30 5 18 14 28 7 30 11 30 30 0.000004407677458
30 18 18 5 11 27 21 17 28 29 23 11 24 22 30 30 26 17 21 24 20 9 16 24 8 12 14 18 14 30 7 15 15 20 15 30 15 30 17 0.000002863852138
30 18 17 5 9 29 18 18 27 27 24 10 19 5 30 30 25 15 19 25 19 7 13 22 9 13 14 17 15 30 6 16 15 21 13 30 14 30 22 0.000003414999388
30 18 19 5 11 27 21 17 29 29 23 11 24 22 30 30 26 17 21 24 20 9 17 24 8 11 30 18 14 30 8 15 15 20 15 30 15 30 17 0.000002695954051
30 18 19 5 8 30 18 20 29 26 26 11 18 22 30 30 26 14 18 24 17 6 14 21 8 11 30 15 14 30 8 15 15 23 15 30 15 30 23 0.000003031224135
30 8 30 13 5 30 13 19 30 29 30 5 5 16 30 30 5 26 30 16 23 5 18 11 13 19 30 17 10 30 5 5 17 30 30 30 30 19 28 0.000003515695611
30 17 21 6 10 27 20 17 30 29 25 10 25 21 30 30 21 18 23 23 20 8 5 22 9 12 30 18 13 30 7 12 15 23 19 30 18 28 19 0.000003411282599
30 5 30 15 5 30 10 20 30 29 30 5 30 13 30 30 5 5 30 13 25 5 18 7 15 21 30 17 8 30 5 5 17 30 30 30 30 16 30 0.000003955949075
30 13 26 9 7 28 17 18 30 29 29 7 27 19 30 30 9 22 29 20 5 5 17 17 11 15 30 17 12 30 6 5 16 30 29 30 24 24 22 0.000003304110179
30 5 30 23 5 30 5 22 30 29 30 5 30 7 30 30 5 30 5 5 28 5 19 5 20 29 30 15 5 30 5 5 19 30 30 30 30 5 30 0.000004641458121
30 18 19 5 11 27 21 17 29 5 23 11 24 22 30 30 25 17 21 24 20 9 17 24 8 11 30 18 14 30 8 15 15 20 15 30 15 30 17 0.000003530724071
30 5 30 14 5 30 11 20 30 29 30 5 30 14 30 30 5 28 30 30 24 5 18 8 14 21 30 17 9 30 5 5 17 30 30 30 30 17 30 0.000003660478095
30 30 30 17 5 30 8 21 30 29 30 5 30 12 30 30 5 30 30 11 25 5 18 5 16 23 30 16 7 30 5 5 17 30 30 30 30 13 30 0.000003921749183
30 5 30 17 5 30 8 21 30 29 30 5 30 12 30 30 5 30 30 11 26 5 19 5 16 23 30 16 7 30 5 5 17 30 30 30 30 30 30 0.000003685688852
30 6 30 14 5 30 11 20 30 29 30 5 30 15 30 30 5 27 30 14 24 5 18 9 14 5 30 17 9 30 5 5 17 30 30 30 30 18 29 0.000003645411123
30 6 30 5 5 30 12 20 30 29 30 5 30 15 30 30 5 27 30 15 24 5 18 9 14 20 30 17 9 30 5 5 17 30 30 30 30 18 29 0.000003555810421
30 5 5 20 5 30 5 21 30 29 30 5 30 9 30 30 5 30 30 8 27 5 19 5 18 26 30 16 6 30 5 5 18 30 30 30 30 9 30 0.000004139290710
30 5 30 18 5 30 7 21 30 29 30 5 30 11 30 30 5 30 30 10 26 5 19 5 16 24 30 16 7 30 5 5 18 30 30 5 30 12 30 0.000003855526872
30 8 30 12 5 30 13 19 30 29 30 5 30 30 30 30 5 26 30 16 23 5 18 12 13 18 30 17 10 30 5 5 16 30 30 30 30 20 27 0.000003357122979
5 7 30 13 5 30 12 20 30 29 30 5 30 15 30 30 5 27 30 15 24 5 18 10 13 19 30 17 9 30 5 5 17 30 30 30 30 18 29 0.000004059363323
30 7 30 13 5 30 12 19 30 29 30 30 30 15 30 30 5 26 30 15 24 5 18 11 13 19 30 17 10 30 5 5 17 30 30 30 30 19 28 0.000003525887689
30 5 30 19 5 30 6 21 5 29 30 5 30 10 30 30 5 30 30 8 27 5 19 5 17 26 30 16 6 30 5 5 18 30 30 30 30 10 30 0.000004109780145
30 5 30 30 5 30 5 28 30 30 30 5 30 5 30 30 30 30 30 5 30 5 22 5 30 30 30 13 5 30 5 5 22 30 30 30 30 5 30 0.000004331039402
30 10 29 11 5 29 15 19 30 29 30 6 29 17 30 30 5 24 30 18 23 5 18 14 5 17 30 17 11 30 5 5 16 30 30 30 28 22 25 0.000003475720226
30 5 30 25 5 30 5 23 30 29 30 5 30 5 30 30 5 30 30 5 29 5 20 5 21 30 30 15 5 30 5 5 19 30 30 30 5 5 30 0.000004634110471
30 5 30 30 5 30 5 26 30 29 30 5 30 5 30 30 5 30 30 5 30 5 21 5 28 30 30 14 5 30 5 5 21 30 5 30 30 5 30 0.000004527952142
30 5 30 30 5 30 5 25 30 29 30 5 30 5 30 30 5 30 30 5 30 5 20 5 26 30 30 14 5 30 5 30 21 30 30 30 30 5 30 0.000004486621469
30 8 30 12 5 30 13 19 30 29 30 5 30 16 30 5 5 25 30 16 23 5 18 12 13 18 30 17 10 30 5 5 16 30 30 30 30 20 27 0.000003557606651
30 7 30 13 5 30 13 19 30 29 30 5 30 15 5 30 5 26 30 16 24 5 18 11 13 19 30 17 10 30 5 5 17 30 30 30 30 19 28 0.000003585912389
30 11 27 10 6 29 16 18 30 29 30 7 28 18 30 30 5 23 30 19 22 5 18 16 11 16 30 17 30 30 6 5 16 30 30 30 27 23 24 0.000003107050373
30 11 28 10 6 29 16 19 30 29 30 6 28 18 30 30 5 23 30 19 22 5 18 15 11 16 30 17 11 5 5 5 16 30 30 30 27 23 24 0.000003420305160
30 12 26 9 7 29 16 18 30 29 30 7 28 18 30 30 8 22 30 19 22 5 18 17 11 15 30 17 12 30 30 5 16 30 30 30 25 24 23 0.000002979119882
30 16 22 7 9 28 19 18 30 29 26 9 26 21 30 30 19 19 25 22 21 7 17 21 9 13 30 18 13 30 7 9 5 25 21 30 19 28 19 0.000002938612872
30 5 30 14 5 30 30 20 30 29 30 5 30 14 30 30 5 28 30 14 24 5 18 8 14 21 30 17 9 30 5 5 17 30 30 30 30 17 30 0.000003666648117
30 5 30 20 5 30 5 21 30 29 30 5 30 10 30 30 5 30 30 8 27 5 19 30 18 26 30 16 6 30 5 5 18 30 30 30 30 9 30 0.000003774297822
30 5 30 19 5 30 6 21 30 29 5 5 30 10 30 30 5 30 30 8 26 5 19 5 17 25 30 16 6 30 5 5 18 30 30 30 30 10 30 0.000004377020793
30 5 30 14 5 30 11 20 30 29 30 5 30 14 30 30 5 28 30 14 24 30 18 8 14 20 30 17 9 30 5 5 17 30 30 30 30 17 30 0.000003464103334
30 6 30 14 30 30 11 20 30 29 30 5 30 14 30 30 5 27 30 14 24 5 18 9 14 20 30 17 9 30 5 5 17 30 30 30 30 17 29 0.000003435936899
30 5 30 29 5 30 5 24 30 29 30 5 30 5 30 30 5 30 30 5 30 5 20 5 23 30 30 15 5 30 5 5 20 5 30 30 30 5 30 0.000004454684271
29 20 17 5 12 27 22 17 27 29 21 12 23 23 29 29 30 16 18 25 19 10 17 26 7 10 30 5 15 29 9 19 15 17 11 28 12 30 15 0.000003011809621
30 14 23 8 8 28 18 5 30 29 27 9 26 20 30 30 15 20 26 21 21 6 17 20 10 14 30 18 13 30 7 7 16 27 24 30 21 26 21 0.000003178598052
30 5 30 17 5 30 8 21 30 29 30 5 30 12 30 30 5 30 30 11 25 5 19 5 16 23 30 16 7 30 5 5 17 30 30 30 30 13 5 0.000003802840823
30 14 24 8 8 5 18 18 30 29 28 8 27 19 30 30 13 21 28 21 21 6 17 19 10 14 30 18 12 30 6 5 16 29 26 30 22 26 21 0.000003343310434
29 19 17 5 12 27 22 17 27 29 21 12 23 23 29 29 30 16 19 25 20 10 17 26 7 10 30 18 15 29 9 18 15 17 11 28 13 30 16 0.000002656256126
26 22 11 5 15 27 25 17 21 29 15 15 20 26 26 26 30 13 13 28 20 13 17 30 5 7 30 18 18 26 12 27 15 8 5 22 7 30 13 0.000002741375926
24 24 11 11 24 24 24 22 24 24 24 24 11 24 11 24 24 24 24 24 24 24 18 24 24 11 26 15 24 11 24 11 18 24 24 11 24 24 11 0.000002343939632
9 30 5 29 30 15 30 30 15 9 30 30 5 27 5 9 6 30 30 21 30 30 21 18 30 14 14 6 30 5 30 5 27 30 30 5 30 6 5 0.000003768959947
24 24 11 11 24 24 24 24 24 24 24 11 11 24 11 24 24 11 24 24 24 24 18 24 24 11 26 16 24 24 24 11 22 24 24 11 24 24 24 0.000002619796507
30 30 30 14 21 22 30 30 30 17 24 30 5 30 9 22 19 16 30 17 23 26 28 29 30 11 30 5 30 10 30 24 14 5 7 15 30 30 5 0.000002919906491
24 24 12 11 24 24 24 23 24 24 24 24 11 25 11 24 24 24 24 24 24 24 18 24 24 5 27 14 24 11 24 12 18 24 23 11 24 24 11 0.000002323768412
24 24 15 11 24 24 24 26 24 24 24 24 11 28 11 24 24 24 24 24 24 24 18 24 24 5 30 11 24 11 24 15 18 24 20 11 24 24 11 0.000002373195711
24 24 11 11 24 24 24 24 24 24 24 24 11 24 11 24 24 24 24 24 24 24 22 24 24 11 26 16 11 11 11 11 22 24 24 11 24 24 11 0.000002479245727
5 5 30 30 5 5 30 5 5 8 30 18 30 30 29 30 25 23 5 5 16 30 14 30 5 5 5 5 5 5 30 28 30 16 11 5 30 5 5 0.000006797599097
19 18 15 15 20 22 26 20 16 22 27 23 15 26 13 28 24 30 21 18 23 26 18 26 20 6 23 8 18 10 26 14 20 23 22 10 27 20 5 0.000002655318739
19 18 15 15 20 22 26 20 15 22 28 23 16 26 13 29 5 24 20 17 23 26 18 26 20 6 22 8 17 10 26 14 20 23 22 9 28 20 5 0.000002775520017
30 30 5 5 30 30 5 30 30 30 5 30 5 12 5 5 23 25 30 30 30 5 25 5 30 5 30 30 30 23 5 5 5 30 5 30 5 30 30 0.000003410065099
5 5 27 30 5 13 30 6 5 15 30 21 30 29 21 30 24 24 7 5 20 30 30 30 5 9 5 5 5 7 30 21 27 19 16 5 30 5 5 0.000005490727018
30 30 5 5 30 30 5 30 30 30 5 30 5 9 5 5 22 26 30 30 30 5 27 5 30 5 30 30 30 27 5 30 5 30 30 30 5 30 30 0.000003242667051
5 5 30 30 5 7 30 5 5 11 30 30 30 30 26 30 25 23 5 5 18 30 15 30 5 11 5 5 5 5 30 25 30 17 13 5 30 5 5 0.000006128492939
29 30 9 7 28 26 22 26 30 26 20 25 6 24 9 19 30 24 28 30 25 22 18 22 28 5 30 20 30 12 22 10 16 25 24 13 20 28 21 0.000002343109792
30 30 30 5 30 30 5 30 30 30 5 30 5 5 5 5 21 27 30 30 30 5 30 5 30 5 30 30 30 30 5 5 5 30 30 30 5 30 30 0.000003456742423
5 5 30 30 5 5 30 5 5 7 30 17 30 30 30 30 25 23 5 5 16 30 13 30 5 13 5 5 5 5 30 29 30 30 10 5 30 5 5 0.000006454008920
30 30 5 5 30 30 5 30 30 30 5 30 5 5 5 5 18 30 30 30 30 5 30 5 30 5 30 5 30 30 5 5 5 30 30 30 5 30 30 0.000003826741677
5 5 30 30 5 5 30 5 5 8 30 18 30 30 29 30 25 23 5 5 30 30 14 30 5 13 5 5 5 5 30 28 30 16 11 5 30 5 5 0.000006284464198
30 30 5 5 30 30 5 30 30 30 5 30 5 30 5 5 23 25 30 30 30 7 22 5 30 5 30 30 30 19 5 5 5 30 30 25 5 30 30 0.000003146985165
30 30 5 5 30 30 8 30 30 30 5 5 5 19 5 5 23 25 30 30 30 11 21 6 30 5 30 30 30 17 8 5 5 30 30 22 5 30 30 0.000003218935110
30 30 5 5 30 30 5 30 30 30 5 30 5 17 5 5 23 25 30 30 30 7 23 5 30 5 30 30 30 19 5 5 5 5 30 25 5 30 30 0.000003220916970
30 30 5 5 30 30 5 30 30 30 5 30 5 17 5 5 23 25 30 30 5 8 22 5 30 5 30 30 30 19 5 5 5 30 30 24 5 30 30 0.000003487892950
5 5 30 30 5 5 30 5 5 5 30 13 30 30 30 30 26 23 5 5 11 30 11 30 5 18 5 5 5 5 30 30 30 10 5 30 30 5 5 0.000006880901562
30 30 5 5 30 30 13 30 30 30 5 27 5 21 5 5 24 24 30 30 28 15 5 12 30 5 30 30 30 15 13 5 9 29 30 18 7 30 30 0.000003483281689
30 30 5 5 30 30 5 30 30 5 5 30 5 8 5 5 22 26 30 30 30 5 27 5 30 5 30 30 30 28 5 5 5 30 30 30 5 30 30 0.000004211205462
30 30 5 5 30 30 5 30 30 30 5 30 5 6 30 5 22 26 30 30 30 5 28 5 30 5 30 30 30 29 5 5 5 30 30 30 5 30 30 0.000003318084459
30 30 5 5 30 30 5 30 5 30 5 30 5 5 5 5 15 30 30 30 30 5 30 5 30 5 30 30 30 30 5 5 5 30 30 30 5 30 30 0.000003564099879
30 30 5 5 30 30 5 30 30 30 5 30 5 8 5 5 22 26 30 30 30 5 27 5 30 5 30 30 30 27 5 5 30 30 30 30 5 30 30 0.000003313103168
30 30 5 5 30 30 5 30 30 30 5 30 5 5 5 5 17 30 30 5 30 5 30 5 30 5 30 30 30 30 5 5 5 30 30 30 5 30 30 0.000003511601115
30 30 5 5 30 30 5 30 30 30 5 30 5 5 5 5 17 30 30 30 30 5 30 5 30 5 30 30 5 30 5 5 5 30 30 30 5 30 30 0.000003828975304
30 5 5 5 30 30 5 30 30 30 5 30 5 5 5 5 18 30 30 30 30 5 30 5 30 5 30 30 30 30 5 5 5 30 30 30 5 30 30 0.000003484687129
5 30 5 5 30 30 5 30 30 30 5 30 5 5 5 5 19 29 30 30 30 5 30 5 30 5 30 30 30 30 5 5 5 30 30 30 5 30 30 0.000003990830268
30 30 5 5 30 30 5 30 30 30 5 30 30 5 5 5 19 28 30 30 30 5 30 5 30 5 30 30 30 30 5 5 5 30 30 30 5 30 30 0.000003441265822
30 30 5 30 30 30 5 30 30 30 5 30 5 5 5 5 20 28 30 30 30 5 30 5 30 5 30 30 30 30 5 5 5 30 30 30 5 30 30 0.000003495917750
30 30 5 5 5 30 5 30 30 30 5 30 5 5 5 5 20 28 30 30 30 5 30 5 30 5 30 30 30 30 5 5 5 30 30 30 5 30 30 0.000003728047329
30 30 5 5 30 30 5 30 30 30 5 30 5 5 5 5 20 28 30 30 30 5 30 5 5 5 30 30 30 30 5 5 5 30 30 30 5 30 30 0.000003644716694
30 30 5 5 30 30 5 30 30 30 5 30 5 5 5 5 20 28 30 30 30 5 30 5 30 5 30 30 30 30 5 5 5 30 30 30 5 5 30 0.000003957977222
30 30 5 5 30 30 5 30 30 30 5 30 5 5 5 5 20 27 5 30 30 5 30 5 30 5 30 30 30 30 5 5 5 30 30 30 5 30 30 0.000003664693955
30 30 5 5 30 5 5 30 30 30 5 30 5 5 5 5 22 26 30 30 30 5 29 5 30 5 30 30 30 30 5 5 5 30 30 30 5 30 30 0.000003842364530
30 30 5 5 30 30 5 30 30 30 5 30 5 8 5 5 22 26 30 30 30 30 27 5 30 5 30 30 30 27 5 5 5 30 30 30 5 30 30 0.000003178139849
30 30 5 5 30 30 5 30 30 30 5 30 5 5 5 5 14 30 30 30 30 5 30 5 30 5 30 30 30 30 5 5 5 30 30 30 5 30 5 0.000003448097149
30 30 5 5 30 30 5 30 30 30 5 30 5 5 5 30 19 28 30 30 30 5 30 5 30 5 30 30 30 30 5 5 5 30 30 30 5 30 30 0.000003369815973
30 30 5 5 30 30 5 30 30 30 5 30 5 5 5 5 20 27 30 30 30 5 30 5 30 5 30 30 30 30 5 5 5 30 30 30 30 30 30 0.000003392749494
30 30 5 5 30 30 5 30 30 30 5 30 5 5 5 5 22 26 30 30 30 5 30 30 30 5 30 30 30 30 5 5 5 30 30 30 5 30 30 0.000003069218722
30 30 5 5 30 30 5 30 30 30 5 30 5 5 5 5 22 26 30 30 30 5 29 5 30 5 30 30 30 30 30 5 5 30 30 30 5 30 30 0.000003305380633
5 5 5 5 30 5 30 5 5 5 30 30 30 5 5 30 5 5 30 5 5 30 5 5 30 30 5 5 5 5 30 5 5 30 30 5 30 5 5 0.000008109147048
24 11 11 11 24 24 11 24 24 24 24 24 11 24 11 24 24 24 11 24 24 24 24 24 11 11 24 24 24 11 24 24 24 24 24 24 24 24 11 0.000002326361780
20 20 11 8 17 28 28 22 30 30 23 18 20 27 13 29 18 16 20 30 22 22 23 25 28 8 30 11 25 18 29 8 25 21 14 5 25 25 5 0.000002282099974
8 8 8 5 5 30 30 19 30 30 20 5 30 30 19 30 5 5 8 30 16 16 30 28 30 17 30 5 28 30 30 5 30 12 5 5 28 28 5 0.000003107359876
24 24 11 11 11 24 24 21 24 24 24 24 11 24 24 24 24 11 24 11 24 24 24 24 11 11 24 24 24 11 24 15 11 24 24 24 11 24 11 0.000002333871089
20 22 17 6 21 19 30 21 30 25 26 13 14 24 11 30 20 17 28 30 27 9 30 27 30 7 28 17 26 16 24 6 25 24 9 5 10 30 5 0.000002157709154
20 28 30 5 30 5 30 18 30 10 30 5 5 15 5 30 26 20 30 30 30 5 30 30 30 5 22 30 29 10 9 5 25 30 5 5 5 30 5 0.000003397129853
24 24 11 11 24 24 11 11 24 24 24 24 11 24 11 24 11 24 24 24 24 24 24 24 24 11 24 24 24 11 24 24 11 24 24 11 24 24 11 0.000002255556795
28 30 30 13 30 5 16 27 30 18 30 8 11 20 5 30 9 29 5 22 13 5 30 24 30 18 25 24 30 10 30 5 12 29 7 5 5 30 30 0.000003221415213
30 30 30 18 30 5 5 30 30 13 30 5 9 17 5 30 5 30 5 16 5 5 28 23 30 27 22 30 30 7 30 5 5 30 30 5 5 30 30 0.000003646877346
30 30 30 27 30 5 5 30 30 5 30 5 5 12 5 30 5 30 5 6 5 5 27 30 30 30 18 30 30 5 30 5 5 30 5 5 5 30 30 0.000004428009734
30 30 30 30 30 5 5 30 30 5 30 5 5 30 5 30 5 30 5 5 5 5 26 15 30 30 13 30 30 5 30 5 5 30 5 5 5 30 30 0.000004446645063
30 30 30 30 30 5 5 30 30 5 30 5 30 10 5 30 5 30 5 5 5 5 27 18 30 30 17 30 30 5 30 5 5 30 5 5 5 30 30 0.000004580002616
30 30 30 30 30 5 5 30 30 30 30 5 5 5 5 30 5 30 5 5 5 5 23 6 30 30 5 30 30 5 30 5 5 30 5 5 5 30 30 0.000004502738471
30 30 30 30 30 5 5 30 30 5 30 5 5 9 5 30 5 30 5 5 5 5 27 17 30 30 30 30 30 5 30 5 5 30 5 5 5 30 30 0.000004551835103
30 30 30 30 30 5 5 30 30 5 30 30 5 5 5 30 5 30 5 5 5 5 25 12 30 30 9 30 30 5 30 5 5 30 5 5 5 30 30 0.000004856563135
30 30 30 30 30 5 5 30 30 5 30 5 5 5 5 30 5 30 5 5 5 5 25 13 30 30 10 30 30 5 30 5 5 5 5 5 5 30 30 0.000004922832901
30 30 30 30 30 5 5 30 30 5 30 5 5 5 5 30 5 30 5 5 5 5 24 11 30 30 8 30 30 30 30 5 5 30 5 5 5 30 30 0.000004869416999
30 30 30 5 30 5 5 30 30 5 30 5 5 5 5 30 5 30 5 5 5 5 23 6 30 30 5 30 30 5 30 5 5 30 5 5 5 30 30 0.000005305044414
30 30 30 30 30 5 5 30 30 5 30 5 5 5 5 30 5 30 5 5 30 5 16 5 30 30 5 30 30 5 30 5 5 30 5 5 5 30 30 0.000005216118443
30 30 30 30 30 5 5 30 30 5 30 5 5 5 5 30 5 30 5 30 5 5 22 5 30 30 5 30 30 5 30 5 5 30 5 5 5 30 30 0.000005291649243
30 30 30 30 30 30 5 30 30 5 30 5 5 5 5 30 5 30 5 5 5 5 5 5 30 30 5 30 30 5 30 5 5 30 5 5 5 30 30 0.000005639049453
30 30 30 30 30 5 5 30 30 5 30 5 5 5 5 30 5 30 5 5 5 30 10 5 30 30 5 30 30 5 30 5 5 30 5 5 5 30 30 0.000005473420472
30 30 30 30 30 5 5 5 30 5 30 5 5 5 5 30 5 30 5 5 5 5 24 10 30 30 7 30 30 5 30 5 5 30 5 5 5 30 30 0.000005775964830
30 30 30 30 30 5 5 30 30 5 30 5 5 5 5 30 5 30 5 5 5 5 19 5 30 5 5 30 30 5 30 5 5 30 5 5 5 30 30 0.000005864776732
30 30 30 30 30 5 5 30 5 5 30 5 5 5 5 30 5 30 5 5 5 5 23 8 30 30 5 30 30 5 30 5 5 30 5 5 5 30 30 0.000005425856126
30 30 30 30 30 5 30 30 30 5 30 5 5 5 5 30 5 30 5 5 5 5 16 5 30 30 5 30 30 5 30 5 5 30 5 5 5 30 30 0.000005469780289
30 30 30 30 30 5 5 30 30 5 30 5 5 5 5 30 5 30 5 5 5 5 15 5 30 30 5 30 30 5 30 5 5 30 5 5 30 30 30 0.000005372745825
30 30 30 30 30 5 5 30 30 5 30 5 5 5 5 30 5 30 5 5 5 5 17 5 30 30 5 30 30 5 30 5 30 30 5 5 5 30 30 0.000005343975452
30 30 30 30 30 5 5 30 30 5 30 5 5 5 5 30 30 30 5 5 5 5 19 5 30 30 5 30 30 5 30 5 5 30 5 5 5 30 30 0.000005282264455
30 30 30 30 30 5 5 30 30 5 30 5 5 5 30 30 5 30 5 5 5 5 16 5 30 30 5 30 30 5 30 5 5 30 5 5 5 30 30 0.000005363534381
30 30 5 30 30 5 5 30 30 5 30 5 5 5 5 30 5 30 5 5 5 5 14 5 30 30 5 30 30 5 30 5 5 30 5 5 5 30 30 0.000005530950680
30 30 30 30 5 5 5 30 30 5 30 5 5 5 5 30 5 30 5 5 5 5 21 5 30 30 5 30 30 5 30 5 5 30 5 5 5 30 30 0.000005627677678
30 30 30 30 30 5 5 30 30 5 30 5 5 5 5 30 5 30 5 5 5 5 20 5 30 30 5 30 30 5 30 30 5 30 5 5 5 30 30 0.000005231406421
30 30 30 30 30 5 5 30 30 5 30 5 5 5 5 30 5 30 5 5 5 5 5 5 30 30 5 30 30 5 30 5 5 30 5 5 5 30 5 0.000006049917351
30 30 30 30 30 5 5 30 30 5 30 5 5 5 5 30 5 30 5 5 5 5 23 6 30 30 5 5 30 5 30 5 5 30 5 5 5 30 30 0.000005613885681
30 30 30 30 30 5 5 30 30 5 30 5 5 5 5 30 5 30 5 5 5 5 5 5 5 30 5 30 30 5 30 5 5 30 5 5 5 30 30 0.000006282010094
30 30 30 30 30 5 5 30 30 5 30 5 5 5 5 30 5 30 30 5 5 5 6 5 30 30 5 30 30 5 30 5 5 30 5 5 5 30 30 0.000005745636492
30 30 30 30 30 5 5 30 30 5 30 5 5 5 5 30 5 30 5 5 5 5 21 5 30 30 5 30 5 5 30 5 5 30 5 5 5 30 30 0.000005767678146
30 30 30 30 30 5 5 30 30 5 30 5 5 5 5 30 5 30 5 5 5 5 5 5 30 30 5 30 30 5 30 5 5 30 5 30 5 30 30 0.000006124445166
5 30 30 30 30 5 5 30 30 5 30 5 5 5 5 30 5 30 5 5 5 5 22 5 30 30 5 30 30 5 30 5 5 30 5 5 5 30 30 0.000005857059130
30 30 30 30 30 5 5 30 30 5 30 5 5 5 5 30 5 5 5 5 5 5 18 5 30 30 5 30 30 5 30 5 5 30 5 5 5 30 30 0.000005638200305
30 30 30 30 30 5 5 30 30 5 5 5 5 5 5 30 5 30 5 5 5 5 9 5 30 30 5 30 30 5 30 5 5 30 5 5 5 30 30 0.000006093272182
30 30 30 30 30 5 5 30 30 5 30 5 5 5 5 5 5 30 5 5 5 5 5 5 30 30 5 30 30 5 30 5 5 30 5 5 5 30 30 0.000006186402497
30 5 30 30 30 5 5 30 30 5 30 5 5 5 5 30 5 30 5 5 5 5 8 5 30 30 5 30 30 5 30 5 5 30 5 5 5 30 30 0.000005817702063
30 30 30 30 30 5 5 30 30 5 30 5 5 5 5 30 5 30 5 5 5 5 5 5 30 30 5 30 30 5 5 5 5 30 5 5 5 30 30 0.000006316885930
30 30 30 30 30 5 5 30 30 5 30 5 5 5 5 30 5 30 5 5 5 5 5 5 30 30 5 30 30 5 30 5 5 30 5 5 5 5 30 0.000006502951553
30 5 5 30 30 30 30 5 30 5 5 5 5 5 30 5 5 30 30 5 30 30 5 5 5 5 5 30 30 5 5 5 5 30 5 30 30 5 5 0.000007609519763
24 24 11 11 24 24 24 24 24 24 24 24 23 24 11 24 24 24 11 24 24 24 24 24 24 11 24 24 24 11 24 11 11 24 24 24 24 24 11 0.000002298635775
30 30 5 5 30 30 30 5 30 30 30 5 5 30 30 5 5 5 30 30 30 5 30 5 5 30 30 30 5 30 30 30 5 9 30 22 5 30 30 0.000003622694254
30 30 5 30 30 30 30 5 30 30 30 5 5 30 30 5 5 5 30 30 30 5 30 30 5 30 30 30 5 30 30 30 5 5 30 30 5 30 30 0.000003349949879
30 30 7 14 29 30 30 5 30 30 30 6 5 26 30 15 10 5 30 30 30 7 30 5 19 15 30 24 6 22 5 30 11 20 30 9 5 30 16 0.000003379299520
30 30 5 30 30 30 30 5 30 30 30 5 5 30 30 5 5 5 30 30 30 5 30 5 30 30 30 30 5 30 30 30 5 5 30 30 5 30 30 0.000003461302240
30 30 5 30 30 30 30 5 30 30 30 5 5 30 30 30 5 5 30 30 30 5 30 5 5 30 30 30 5 30 30 30 5 5 30 30 5 30 30 0.000003592373222
30 30 5 30 30 30 30 5 30 30 30 5 5 30 30 5 30 5 30 30 30 5 30 5 5 30 30 30 5 30 30 30 5 5 30 26 5 30 30 0.000003554595019
30 30 5 30 30 30 30 5 30 30 30 5 5 30 30 5 5 5 30 30 30 5 30 5 5 30 30 30 5 30 30 30 30 5 30 30 5 30 30 0.000003598163169
30 30 5 30 30 30 30 30 30 30 30 5 5 30 30 5 5 5 30 30 30 5 30 5 5 30 30 30 5 30 30 30 5 5 30 30 5 30 30 0.000003409991201
30 30 5 30 30 30 30 5 30 30 30 5 5 30 30 5 5 5 30 30 30 5 30 5 5 5 30 30 5 30 30 30 5 9 30 22 5 30 30 0.000003974364911
30 30 5 30 30 30 5 5 30 30 30 5 5 30 30 5 5 5 30 30 30 5 30 5 5 30 30 30 5 30 30 30 5 5 30 30 5 30 30 0.000003711313677
30 30 5 23 30 30 30 5 30 30 30 5 5 28 30 5 5 5 30 30 30 5 30 5 5 24 30 30 5 29 28 30 5 16 30 5 5 30 29 0.000003630914133
30 30 5 21 30 30 30 5 30 30 30 5 5 27 30 5 5 5 30 30 30 5 30 5 8 22 30 30 5 28 28 30 5 30 30 13 5 30 27 0.000003581449772
30 30 5 30 30 30 30 5 30 30 30 5 5 30 5 5 5 5 30 30 30 5 30 5 5 30 30 30 5 30 30 30 5 5 30 30 5 30 30 0.000003818078687
30 30 8 13 29 30 30 5 30 30 30 7 6 5 30 16 11 5 30 30 30 7 30 5 20 14 30 23 8 22 26 30 12 21 30 9 5 30 15 0.000003471129960
30 30 5 30 30 30 30 5 30 30 30 5 5 30 30 5 5 5 30 30 30 5 30 5 5 30 30 30 30 30 30 30 5 5 30 30 5 30 30 0.000003312978094
30 30 5 30 30 30 30 5 30 30 30 5 5 30 30 5 5 30 30 30 30 5 30 5 5 30 30 30 5 30 30 30 5 5 30 30 5 30 30 0.000003483271286
30 5 5 30 30 30 30 5 30 30 30 5 5 30 30 5 5 5 30 30 30 5 30 5 5 30 30 30 5 30 30 30 5 5 30 28 5 30 30 0.000003718395413
30 30 5 23 30 30 30 5 30 30 30 5 5 28 30 5 5 5 30 5 30 5 30 5 5 24 30 30 5 30 28 30 5 16 30 14 5 30 30 0.000003748144382
30 30 5 30 30 30 30 5 5 30 30 5 5 30 30 5 5 5 30 30 30 5 30 5 5 30 30 30 5 30 30 30 5 5 30 30 5 30 30 0.000003850571126
30 30 5 30 30 30 30 5 30 30 30 5 5 30 30 5 5 5 30 30 30 5 30 5 5 30 30 30 5 30 30 30 5 5 30 29 5 30 5 0.000003935232430
30 30 5 30 30 30 30 5 30 30 30 5 5 30 30 5 5 5 5 30 30 5 30 5 5 30 30 30 5 30 30 30 5 5 30 29 5 30 30 0.000003894414361
30 30 30 30 30 30 30 5 30 30 30 5 5 30 30 5 5 5 30 30 30 5 30 5 5 30 30 30 5 30 30 30 5 5 30 27 5 30 30 0.000003702218157
30 30 5 30 30 30 30 5 30 30 30 30 5 30 30 5 5 5 30 30 30 5 30 5 5 30 30 30 5 30 30 30 5 11 30 19 5 30 30 0.000003592865155
30 30 5 30 30 30 30 5 30 30 30 5 5 30 30 5 5 5 30 30 5 5 30 5 5 30 30 30 5 30 30 30 5 5 30 29 5 30 30 0.000003934642861
30 30 5 30 30 30 30 5 30 30 30 5 5 30 30 5 5 5 30 30 30 5 30 5 5 30 30 30 5 30 30 5 5 5 30 30 5 30 30 0.000003775309725
30 30 5 30 30 30 30 5 30 30 30 5 5 30 30 5 5 5 30 30 30 5 30 5 5 30 30 30 5 30 30 30 5 5 5 30 5 30 30 0.000003778163552
5 30 5 30 30 30 30 5 30 30 30 5 5 30 30 5 5 5 30 30 30 5 30 5 5 30 30 30 5 30 30 30 5 5 30 30 5 30 30 0.000004198159779
30 30 5 30 30 30 30 5 30 30 30 5 30 30 30 5 5 5 30 30 30 5 30 5 5 30 30 30 5 30 30 30 5 7 30 25 5 30 30 0.000003670457644
30 30 5 30 30 5 30 5 30 30 30 5 5 30 30 5 5 5 30 30 30 5 30 5 5 30 30 30 5 30 30 30 5 5 30 30 5 30 30 0.000003984349278
30 30 5 30 30 30 30 5 30 30 30 5 5 30 30 5 5 5 30 30 30 5 30 5 5 30 30 30 5 5 30 30 5 12 30 18 5 30 30 0.000003962446468
30 29 11 11 26 30 30 5 30 30 30 9 8 25 30 20 14 5 30 30 30 8 30 11 23 12 30 21 14 20 25 27 16 22 23 8 5 5 12 0.000003377701109
30 30 5 30 5 30 30 5 30 30 30 5 5 30 30 5 5 5 30 30 30 5 30 5 5 30 30 30 5 30 30 30 5 8 30 23 5 30 30 0.000003923841486
30 30 5 30 30 30 30 5 30 30 30 5 5 30 30 5 5 5 30 30 30 5 30 5 5 30 5 30 5 30 30 30 5 5 30 30 5 30 30 0.000004092013566
30 30 5 30 30 30 30 5 30 30 30 5 5 30 30 5 5 5 30 30 30 5 30 5 5 30 30 5 5 30 30 30 5 10 30 20 5 30 30 0.000004154376295
30 30 5 30 30 30 30 5 30 30 5 5 5 30 30 5 5 5 30 30 30 5 30 5 5 30 30 30 5 30 30 30 5 5 30 30 5 30 30 0.000004015024963
30 30 5 30 30 30 30 5 30 5 30 5 5 30 30 5 5 5 30 30 30 5 30 5 5 30 30 30 5 30 30 30 5 5 30 30 5 30 30 0.000004507106401
30 30 5 30 30 30 30 5 30 30 30 5 5 30 30 5 5 5 30 30 30 5 5 5 5 30 30 30 5 30 30 30 5 5 30 30 5 30 30 0.000004554215344
5 15 23 5 16 8 22 30 18 8 19 17 20 23 5 30 26 30 21 27 20 10 13 30 30 5 18 13 30 12 23 5 30 26 5 5 26 30 5 0.000003734170841
5 5 30 5 5 5 5 30 5 5 5 30 30 5 5 30 30 30 5 5 5 30 5 30 30 5 5 5 30 5 5 5 30 30 5 5 5 14 5 0.000007449490456
5 30 5 30 30 5 30 30 5 5 30 30 5 30 5 30 5 30 5 30 30 30 5 30 30 30 5 5 30 5 30 5 5 5 5 5 30 30 5 0.000005329649090
24 24 11 11 24 24 11 24 24 24 24 24 11 24 11 24 24 24 24 11 24 24 24 24 11 11 24 24 24 11 24 11 24 24 24 11 24 24 11 0.000002217842245
23 21 30 5 23 15 27 12 30 28 25 9 20 16 17 21 17 24 30 25 24 11 26 17 30 6 29 24 30 15 23 5 23 16 7 5 5 27 5 0.000002443539202
5 30 5 30 5 30 30 30 5 5 30 30 5 30 5 30 30 5 5 30 30 5 30 30 30 30 18 5 5 29 30 30 30 30 30 30 5 30 30 0.000004823135338
24 20 30 5 25 13 24 6 30 30 24 6 24 11 21 15 15 29 30 22 22 12 23 11 29 5 5 28 30 15 22 5 21 11 6 5 5 25 5 0.000003678195202
25 20 30 5 26 11 23 5 30 30 24 5 27 8 24 11 13 30 30 20 20 13 22 7 29 5 29 30 30 30 22 5 20 8 5 5 5 24 5 0.000003541761468
5 30 5 30 5 5 30 30 14 5 30 30 5 30 5 30 30 5 5 30 30 5 30 30 30 21 22 5 5 24 30 30 30 30 25 30 30 30 30 0.000004905888440
26 30 30 5 27 10 22 5 30 30 23 5 29 6 26 8 12 30 30 18 19 14 20 5 29 5 30 30 30 14 21 5 20 6 5 5 5 23 5 0.000004012644119
28 19 30 5 28 8 20 5 30 30 30 5 30 5 30 5 10 30 30 15 17 15 18 5 29 5 30 30 30 14 20 5 18 5 5 5 5 21 5 0.000004174990865
28 19 30 5 28 8 20 5 30 30 22 5 30 5 30 5 10 30 30 15 17 15 18 5 29 5 30 30 30 14 30 5 18 5 5 5 5 21 5 0.000004218451702
30 18 30 5 30 5 15 5 30 30 21 5 30 5 30 5 6 30 30 8 13 18 12 5 28 5 30 30 30 12 19 5 15 5 30 5 5 17 5 0.000004760737589
30 18 30 5 30 5 17 5 30 30 22 5 30 5 30 5 8 30 30 11 15 17 15 5 29 30 30 30 30 13 20 5 17 5 5 5 5 19 5 0.000004016443094
